x
14.1687
12.449
11.4828
13.1172
15.2564
14.9311
14.8139
14.837
15.2366
16.1356
16.6676
y
41.8819
41.6714
38.9833
36.8061
38.2021
41.4611
41.8065
40.8019
37.8495
37.1464
37.4813
u
0.0
0.02857
0.04286
0.05714
0.07143
0.08571
0.1
0.11429
0.12857
0.14286
0.15714
0.17143
0.18571
0.2
0.21429
0.22857
0.24286
0.25714
0.27143
0.28571
0.3
0.31429
0.32857
0.34286
0.35714
0.37143
0.38571
0.4
0.41429
0.42857
0.44286
0.45714
0.47143
0.48571
0.5
0.51429
0.52857
0.54286
0.55714
0.57143
0.58571
0.6
0.61429
0.62857
0.64286
0.65714
0.67143
0.68571
0.7
0.71429
0.72857
0.74286
0.75714
0.77143
0.78571
0.8
0.81429
0.82857
0.84286
0.85714
0.87143
0.88571
0.9
0.91429
0.92857
0.94286
0.95714
0.97143
0.98571
1.0
