x
31.7563
33.1085
34.9186
35.0664
36.6825
38.4326
38.3106
40.7457
43.2522
44.4295
y
24.7557
22.0739
24.0375
21.8995
20.1206
21.9605
24.6123
22.2366
23.9585
2.7421
u
0.0
0.025
0.05
0.0625
0.075
0.0875
0.1
0.1125
0.125
0.1375
0.1625
0.1875
0.2
0.2125
0.225
0.2375
0.2625
0.2875
0.3125
0.325
0.3375
0.35
0.3625
0.375
0.3875
0.4
0.4125
0.425
0.4375
0.45
0.4625
0.475
0.4875
0.5
0.5125
0.525
0.5375
0.55
0.5625
0.575
0.5875
0.6
0.6125
0.625
0.6375
0.65
0.6625
0.675
0.6875
0.7
0.7125
0.725
0.7375
0.75
0.7625
0.775
0.7875
0.8125
0.825
0.8375
0.85
0.8625
0.875
0.8875
0.9
0.9125
0.925
0.95
0.975
1.0
